#########################################
# 0 Earth, 1 2 Grass, 3 tree 
# 4 Water, 5 Wall, 6 Sand
# 
# BD Bear Den, B Bear
# D deer
#
# C Crash site
# 
# 9 boat
# 
#########################################




0 0 0 0 0 0 0 0 0 0 0 0 6 4 4 4
0 0 0 0 0 0 0 0 0 0 0 0 6 4 4 4
0 0 0 0 0 0 0 0 0 0 0 0 6 6 6 6
0 0 0 0 0 0 0 0 0 0 0 0 0 0 0 0
0 0 0 0 0 0 0 0 0 0 0 0 0 0 0 0
0 0 0 0 0 0 0 0 0 0 0 0 0 0 0 0
0 0 0 0 0 0 0 0 0 0 0 0 0 0 0 0
0 0 0 0 0 0 0 0 0 0 0 0 0 0 0 0
0 0 0 0 0 0 0 0 0 0 0 0 0 0 0 0
0 0 0 0 0 0 0 0 0 0 0 0 0 0 0 0
0 0 0 0 0 0 0 0 0 0 0 0 0 0 0 0
C 0 0 0 0 0 0 0 0 0 0 0 0 0 0 0




0 0 0 0 0 0 0 0 0 0 0 0 6 4 4 4
0 0 0 0 0 0 0 0 0 0 0 0 6 4 4 4
0 0 0 0 0 0 0 0 0 0 0 0 6 6 6 6
0 0 0 0 0 0 0 0 0 0 0 0 0 0 0 0
0 0 0 0 0 0 0 0 0 0 0 0 0 0 0 0
0 0 0 0 0 0 0 0 0 0 0 0 0 0 0 0
0 0 0 0 0 0 0 0 0 0 0 0 0 0 0 0
0 0 0 0 0 0 0 0 0 0 0 0 0 0 0 0
0 0 0 0 0 0 0 0 0 0 0 0 0 0 0 0
0 0 0 0 0 0 0 0 0 0 0 0 0 0 0 0
0 0 0 0 0 0 0 0 0 0 0 0 0 0 0 0
0 0 0 0 0 0 0 0 0 0 0 0 0 0 0 0